Real			 Imaginary
-7.81878524E-01	 -1.38432493E-01
7.81878524E-01	 -1.38432493E-01
6.20983732E-01	 -1.59220588E-01
-6.20983732E-01	 -1.59220588E-01
-6.18636183E-01	 -2.32680502E-01
6.18636183E-01	 -2.32680502E-01
6.05794271E-01	 -3.04403282E-01
-6.05794271E-01	 -3.04403282E-01
-4.84988306E-01	 -3.09842140E-01
4.84988306E-01	 -3.09842140E-01
-3.91831146E-01	 -3.18198505E-01
3.91831146E-01	 -3.18198505E-01
-3.66869640E-01	 -3.78037984E-01
3.66869640E-01	 -3.78037984E-01
3.35955820E-01	 -4.31837560E-01
-3.35955820E-01	 -4.31837560E-01
2.58893694E-01	 -4.40377924E-01
-2.58893694E-01	 -4.40377924E-01
-1.94034439E-01	 -4.48038692E-01
1.94034439E-01	 -4.48038693E-01
1.58279671E-01	 -4.98468352E-01
-1.58279675E-01	 -4.98468353E-01
1.19734717E-01	 -5.41440678E-01
-1.19734722E-01	 -5.41440683E-01
6.31125396E-02	 -5.53031768E-01
-6.31124961E-02	 -5.53031798E-01
-1.03346881E-07	 -5.53190542E-01
1.61056346E-07	 -5.97151528E-01
-9.37070881E-08	 -6.07490891E-01
3.67682497E-09	 -7.03691851E-01
-1.51351585E-09	 -7.07104342E-01
-9.97907094E-10	 -8.13040717E-01
-4.14459963E-10	 -8.18176005E-01
4.90119014E-10	 -9.28795035E-01
3.50757280E-10	 -9.34231881E-01
-2.37057927E-10	 -1.04975408E+00
-2.06912016E-10	 -1.05545936E+00
1.20006110E-10	 -1.17604414E+00
1.03196953E-10	 -1.18199529E+00
-6.52559835E-11	 -1.30776747E+00
-5.19247328E-11	 -1.31395833E+00
3.47959311E-11	 -1.44507082E+00
3.14097850E-11	 -1.45145065E+00
-1.63335771E-11	 -1.58797652E+00
-1.62373040E-11	 -1.59455971E+00
6.73464522E-12	 -1.73664153E+00
6.04687707E-12	 -1.74336021E+00
-4.58231656E-12	 -1.89102728E+00
-4.32929590E-12	 -1.89791580E+00
4.75125346E-12	 -2.05130144E+00
4.78410803E-12	 -2.05828074E+00
-3.61975173E-12	 -2.21737967E+00
-2.16072273E-12	 -2.22450127E+00
1.67319568E-12	 -2.38943962E+00
-9.38935919E-13	 -2.39661689E+00
-6.67233738E-13	 -2.56736313E+00
1.92638214E-12	 -2.57466137E+00
8.01246512E-13	 -2.75133647E+00
-1.38611248E-12	 -2.75866366E+00
-5.59180409E-13	 -2.94121652E+00
9.33608278E-13	 -2.94864865E+00
-3.68465627E-13	 -3.13719676E+00
-1.18949105E-12	 -3.14463779E+00
1.19797240E-12	 -3.33911552E+00
1.61755975E-12	 -3.34664960E+00
-1.02889558E-12	 -3.54717217E+00
-1.42272781E-12	 -3.55470017E+00
8.13526762E-13	 -3.76119119E+00
1.83822945E-12	 -3.76880346E+00
-5.16500117E-14	 -3.98137667E+00
-1.52878756E-12	 -3.98897164E+00
1.04368013E-12	 -4.20754264E+00
5.70104355E-12	 -4.21521538E+00
-2.72263466E-13	 -4.43989700E+00
-5.87903601E-12	 -4.44754401E+00
-3.84323770E-13	 -4.67824581E+00
-8.66561860E-14	 -4.68596575E+00
-4.56163655E-13	 -4.92280004E+00
-4.80648940E-14	 -4.93048784E+00
