Real			 Imaginary
-7.81878524E-01	 -1.27885618E-01
7.81878524E-01	 -1.27885618E-01
-5.80902124E-01	 -1.32888394E-01
5.80902124E-01	 -1.32888394E-01
-6.18636183E-01	 -2.22133627E-01
6.18636183E-01	 -2.22133627E-01
-3.43881579E-01	 -2.90968757E-01
3.43881579E-01	 -2.90968757E-01
-4.84988306E-01	 -2.99295265E-01
4.84988306E-01	 -2.99295265E-01
-6.49730858E-01	 -3.16330949E-01
6.49730858E-01	 -3.16330949E-01
-3.66869640E-01	 -3.67491108E-01
3.66869640E-01	 -3.67491109E-01
-1.44667227E-01	 -4.19075062E-01
1.44667227E-01	 -4.19075062E-01
2.58893694E-01	 -4.29831049E-01
-2.58893694E-01	 -4.29831049E-01
3.85588983E-01	 -4.46782047E-01
-3.85588983E-01	 -4.46782047E-01
1.58279674E-01	 -4.87921476E-01
-1.58279675E-01	 -4.87921478E-01
-1.15899228E-08	 -5.15952045E-01
6.31125139E-02	 -5.42484903E-01
-6.31125096E-02	 -5.42484910E-01
1.68478367E-01	 -5.58718825E-01
-1.68478367E-01	 -5.58718825E-01
1.12406395E-08	 -5.96944038E-01
-1.85844273E-09	 -6.35467114E-01
-6.27793849E-09	 -6.96386757E-01
4.62696265E-09	 -6.96557466E-01
-6.77254450E-10	 -8.05978636E-01
1.44319267E-09	 -8.07629131E-01
5.12182254E-10	 -9.22181309E-01
-9.75599603E-10	 -9.23685007E-01
-1.80708163E-10	 -1.04326745E+00
3.72126882E-10	 -1.04491249E+00
1.14547428E-10	 -1.16973586E+00
-1.48122988E-10	 -1.17144841E+00
-4.54893368E-11	 -1.30135020E+00
5.91995472E-11	 -1.30341146E+00
2.25654700E-11	 -1.43899917E+00
-4.71579391E-11	 -1.44090377E+00
-1.51797688E-12	 -1.58160085E+00
2.00172543E-11	 -1.58401284E+00
-4.02813015E-12	 -1.73074879E+00
-2.80428073E-12	 -1.73281333E+00
5.40939360E-12	 -1.88467656E+00
-1.54914546E-12	 -1.88736893E+00
-6.06469493E-12	 -2.04554209E+00
-1.28772134E-12	 -2.04773387E+00
4.42752726E-12	 -2.21104434E+00
2.72554886E-12	 -2.21395440E+00
-5.90040943E-12	 -2.38377943E+00
1.04733866E-13	 -2.38607002E+00
3.12868820E-12	 -2.56103766E+00
-2.15331011E-12	 -2.56411450E+00
1.46335128E-12	 -2.74575024E+00
1.58148049E-12	 -2.74811679E+00
-1.91376821E-13	 -2.93489765E+00
1.04397400E-12	 -2.93810178E+00
-2.61340048E-13	 -3.13166610E+00
-2.68844231E-12	 -3.13409091E+00
6.38417497E-13	 -3.33280125E+00
1.52878699E-12	 -3.33610273E+00
-8.86281677E-13	 -3.54168367E+00
-7.78739620E-13	 -3.54415330E+00
6.12749715E-13	 -3.75488023E+00
3.81950442E-13	 -3.75825658E+00
-4.84681171E-13	 -3.97592047E+00
-1.85436372E-13	 -3.97842477E+00
3.88839605E-13	 -4.20123415E+00
3.11240926E-13	 -4.20466850E+00
-1.79850709E-13	 -4.43446581E+00
-2.75524169E-13	 -4.43699713E+00
1.96526370E-13	 -4.67193922E+00
4.10297376E-13	 -4.67541887E+00
-2.92312159E-13	 -4.91738841E+00
-4.26079240E-13	 -4.91994097E+00
