Real			 Imaginary
-7.81878524E-01	 -1.28432493E-01
7.81878524E-01	 -1.28432493E-01
-5.84017224E-01	 -1.35205244E-01
5.84017224E-01	 -1.35205244E-01
6.18636183E-01	 -2.22680502E-01
-6.18636183E-01	 -2.22680502E-01
-3.47803876E-01	 -2.93669172E-01
3.47803876E-01	 -2.93669172E-01
4.84988306E-01	 -2.99842140E-01
-4.84988306E-01	 -2.99842140E-01
6.46223993E-01	 -3.14936450E-01
-6.46223993E-01	 -3.14936450E-01
3.66869640E-01	 -3.68037984E-01
-3.66869640E-01	 -3.68037984E-01
1.49086408E-01	 -4.22122188E-01
-1.49086407E-01	 -4.22122189E-01
-2.58893694E-01	 -4.30377924E-01
2.58893694E-01	 -4.30377924E-01
3.81368845E-01	 -4.44792988E-01
-3.81368845E-01	 -4.44792988E-01
-1.58279674E-01	 -4.88468351E-01
1.58279674E-01	 -4.88468353E-01
1.16228000E-08	 -5.16709411E-01
-6.31125155E-02	 -5.43031778E-01
6.31125089E-02	 -5.43031784E-01
-1.63851547E-01	 -5.56340008E-01
1.63851547E-01	 -5.56340008E-01
-8.02725998E-09	 -5.97490914E-01
-7.17976758E-10	 -6.30916774E-01
6.52024977E-10	 -6.97104338E-01
1.99185487E-09	 -6.97223847E-01
-6.03053360E-10	 -8.06264753E-01
3.53600141E-11	 -8.08176006E-01
2.42127631E-10	 -9.22405415E-01
-2.68052545E-10	 -9.24231881E-01
-6.39328372E-11	 -1.04347970E+00
1.50249508E-10	 -1.04545936E+00
5.93663987E-11	 -1.16992320E+00
-1.25980952E-10	 -1.17199529E+00
-1.60367620E-11	 -1.30156822E+00
7.72746734E-11	 -1.30395833E+00
8.66743816E-12	 -1.43915615E+00
-5.60721050E-11	 -1.44145065E+00
2.58345555E-12	 -1.58182489E+00
2.44536939E-11	 -1.58455971E+00
-2.14627014E-12	 -1.73088232E+00
-9.05383837E-12	 -1.73336021E+00
1.70025078E-12	 -1.88490599E+00
1.81570471E-13	 -1.88791580E+00
-2.11239355E-12	 -2.04565789E+00
1.77034033E-12	 -2.04828074E+00
3.16837599E-12	 -2.21127823E+00
8.55049907E-13	 -2.21450127E+00
-3.84509406E-12	 -2.38388194E+00
-2.77474794E-12	 -2.38661689E+00
2.98069318E-12	 -2.56127511E+00
2.65374088E-12	 -2.56466137E+00
-1.85674416E-12	 -2.74584279E+00
-1.71491493E-12	 -2.74866366E+00
9.68924710E-13	 -2.93513789E+00
9.67347093E-13	 -2.93864865E+00
-6.95349551E-12	 -3.13175114E+00
-1.89460101E-13	 -3.13463779E+00
6.44425409E-12	 -3.33304364E+00
1.56321826E-11	 -3.33664960E+00
2.00718423E-13	 -3.54176301E+00
-1.80828021E-11	 -3.54470017E+00
2.56728942E-13	 -3.75512431E+00
2.43649710E-12	 -3.75880346E+00
-3.18251070E-13	 -3.97599543E+00
-1.53401049E-12	 -3.97897164E+00
2.02125100E-13	 -4.20147954E+00
1.40934315E-12	 -4.20521538E+00
-1.19617655E-13	 -4.43453739E+00
-1.04825961E-12	 -4.43754401E+00
6.45537541E-14	 -4.67218563E+00
1.03447587E-12	 -4.67596575E+00
-1.30102743E-14	 -4.91745735E+00
-7.36178850E-13	 -4.92048784E+00
