Real			 Imaginary
1.65375374E+00	 -2.06155372E-01
-1.65375374E+00	 -2.06155372E-01
-1.35089946E+00	 -2.22861105E-01
1.35089946E+00	 -2.22861105E-01
-1.39462268E+00	 -3.55764761E-01
1.39462268E+00	 -3.55764761E-01
9.78816493E-01	 -4.75713941E-01
-9.78816493E-01	 -4.75713941E-01
1.18246990E+00	 -4.78251226E-01
-1.18246990E+00	 -4.78251226E-01
1.42581297E+00	 -4.95199931E-01
-1.42581297E+00	 -4.95199931E-01
-9.94968201E-01	 -5.86505380E-01
9.94968201E-01	 -5.86505380E-01
-6.65276207E-01	 -6.80716936E-01
6.65276208E-01	 -6.80716937E-01
8.23567072E-01	 -6.85463868E-01
-8.23567072E-01	 -6.85463868E-01
1.00281384E+00	 -6.99271090E-01
-1.00281384E+00	 -6.99271090E-01
-6.63851327E-01	 -7.77675796E-01
6.63851325E-01	 -7.77675796E-01
-3.83940364E-01	 -8.60387399E-01
3.83940342E-01	 -8.60387423E-01
5.13168043E-01	 -8.64672829E-01
-5.13168044E-01	 -8.64672834E-01
6.56098143E-01	 -8.74509759E-01
-6.56098143E-01	 -8.74509759E-01
3.69766770E-01	 -9.47465575E-01
-3.69766747E-01	 -9.47465640E-01
1.25950549E-01	 -1.02296817E+00
-1.25950206E-01	 -1.02296926E+00
-2.32416837E-01	 -1.02676478E+00
2.32416873E-01	 -1.02676500E+00
3.50507551E-01	 -1.03315897E+00
-3.50507545E-01	 -1.03315898E+00
-9.98981629E-02	 -1.10310393E+00
9.98998408E-02	 -1.10310625E+00
-1.90465848E-06	 -1.16921587E+00
-7.91503516E-02	 -1.17624026E+00
7.91499988E-02	 -1.17624031E+00
-2.41265473E-07	 -1.29125729E+00
2.56544639E-07	 -1.29979796E+00
4.38448414E-07	 -1.45021378E+00
-5.89708468E-08	 -1.45288946E+00
-2.85230430E-07	 -1.60747981E+00
-5.09165560E-08	 -1.61074471E+00
1.42307757E-07	 -1.77020418E+00
6.72745842E-08	 -1.77361179E+00
-5.91954225E-08	 -1.93801989E+00
-3.74339146E-08	 -1.94160400E+00
1.89389651E-08	 -2.11108362E+00
1.07583639E-08	 -2.11482385E+00
-3.10496532E-09	 -2.28949987E+00
3.75336621E-10	 -2.29336473E+00
-7.82499315E-10	 -2.47326642E+00
-1.81525924E-09	 -2.47731090E+00
-6.37966290E-12	 -2.66262222E+00
-2.96180199E-11	 -2.66673829E+00
1.61063645E-09	 -2.85740279E+00
1.46485665E-09	 -2.86171497E+00
-2.18993261E-09	 -3.05796815E+00
-1.48243558E-09	 -3.06230204E+00
1.86825239E-09	 -3.26401256E+00
6.80960938E-10	 -3.26855405E+00
-1.35234188E-09	 -3.47600122E+00
2.88341686E-11	 -3.48051987E+00
8.53996527E-10	 -3.69350863E+00
-2.74286141E-10	 -3.69824305E+00
-3.99659768E-10	 -3.91708944E+00
2.50964229E-10	 -3.92176257E+00
3.77854319E-11	 -4.14621830E+00
-1.49458425E-10	 -4.15111322E+00
1.41436428E-10	 -4.38152492E+00
5.23944724E-11	 -4.38632612E+00
-1.55067391E-10	 -4.62240152E+00
4.02786976E-11	 -4.62742909E+00
8.64426187E-11	 -4.86954018E+00
-1.02822856E-10	 -4.87444706E+00
