Real			 Imaginary
7.81878524E-01	 -1.27260618E-01
-7.81878524E-01	 -1.27260618E-01
-5.76993705E-01	 -1.29921843E-01
5.76993705E-01	 -1.29921843E-01
-6.18636183E-01	 -2.21508627E-01
6.18636183E-01	 -2.21508627E-01
-3.39014894E-01	 -2.87472323E-01
3.39014894E-01	 -2.87472323E-01
-4.84988306E-01	 -2.98670265E-01
4.84988306E-01	 -2.98670265E-01
6.54153575E-01	 -3.18198015E-01
-6.54153575E-01	 -3.18198015E-01
3.66869640E-01	 -3.66866108E-01
-3.66869640E-01	 -3.66866109E-01
1.39241323E-01	 -4.15063351E-01
-1.39241323E-01	 -4.15063351E-01
-2.58893694E-01	 -4.29206049E-01
2.58893694E-01	 -4.29206049E-01
-3.90855774E-01	 -4.49460309E-01
3.90855774E-01	 -4.49460309E-01
-1.58279674E-01	 -4.87296477E-01
1.58279675E-01	 -4.87296477E-01
1.13027568E-09	 -5.15467045E-01
-6.31125124E-02	 -5.41859910E-01
6.31125105E-02	 -5.41859910E-01
1.74212211E-01	 -5.61950833E-01
-1.74212211E-01	 -5.61950833E-01
-1.30402569E-10	 -5.96319032E-01
-1.47298262E-10	 -6.41860800E-01
1.08358618E-09	 -6.94994145E-01
1.42384536E-10	 -6.95932468E-01
-6.58352774E-10	 -8.05681486E-01
5.20357728E-11	 -8.07004130E-01
2.69985709E-10	 -9.21970315E-01
-1.00122498E-10	 -9.23060007E-01
-1.12146534E-10	 -1.04307213E+00
3.38660058E-12	 -1.04428749E+00
3.82279417E-11	 -1.16957711E+00
3.54570275E-11	 -1.17082341E+00
1.59177467E-11	 -1.30114228E+00
-1.37780156E-11	 -1.30278646E+00
-2.48055621E-11	 -1.43888425E+00
-1.00318038E-11	 -1.44027877E+00
1.34559685E-11	 -1.58138095E+00
1.13633790E-11	 -1.58338784E+00
-4.36049933E-12	 -1.73066785E+00
-7.85712977E-12	 -1.73218833E+00
2.26069321E-12	 -1.88444639E+00
7.04098392E-12	 -1.88674393E+00
-2.89427628E-12	 -2.04548690E+00
-5.97104903E-12	 -2.04710887E+00
1.15141515E-12	 -2.21080586E+00
4.22596759E-12	 -2.21332940E+00
2.80093494E-13	 -2.38374357E+00
-2.33862086E-12	 -2.38544502E+00
-9.66540486E-13	 -2.56079266E+00
7.90877285E-13	 -2.56348950E+00
2.91909498E-13	 -2.74572891E+00
1.74607520E-13	 -2.74749179E+00
-1.07020809E-12	 -2.93464759E+00
1.06189289E-12	 -2.93747678E+00
-3.65137279E-12	 -3.13165572E+00
-1.57297816E-12	 -3.13346591E+00
3.37139614E-12	 -3.33254728E+00
1.72845842E-12	 -3.33547773E+00
-2.09944560E-12	 -3.54168161E+00
-9.95243424E-13	 -3.54352830E+00
2.90811850E-12	 -3.75462323E+00
4.63609707E-13	 -3.75763158E+00
-2.96548001E-12	 -3.97592478E+00
-3.68092052E-13	 -3.97779977E+00
2.97143809E-12	 -4.20097480E+00
4.21493364E-13	 -4.20404350E+00
-2.83178515E-12	 -4.43447506E+00
-3.90003686E-13	 -4.43637213E+00
3.08111557E-12	 -4.67167802E+00
4.24332227E-13	 -4.67479387E+00
-2.96028570E-12	 -4.91740152E+00
-3.07254017E-13	 -4.91931597E+00
