Real			 Imaginary
6.12028610E-01	 -1.11278457E-01
-6.12028610E-01	 -1.11278457E-01
4.44793129E-01	 -1.18830244E-01
-4.44793129E-01	 -1.18830244E-01
4.71350625E-01	 -1.92498930E-01
-4.71350625E-01	 -1.92498930E-01
-2.42200200E-01	 -2.55627591E-01
2.42200200E-01	 -2.55627591E-01
-3.56176376E-01	 -2.58994814E-01
3.56176376E-01	 -2.58994814E-01
-4.91484256E-01	 -2.70118599E-01
4.91484256E-01	 -2.70118599E-01
-2.54384796E-01	 -3.17764210E-01
2.54384796E-01	 -3.17764210E-01
-7.35707818E-02	 -3.66393362E-01
7.35707810E-02	 -3.66393364E-01
1.61333994E-01	 -3.71486985E-01
-1.61333994E-01	 -3.71486986E-01
-2.62402305E-01	 -3.81607723E-01
2.62402305E-01	 -3.81607723E-01
7.46000179E-02	 -4.21629553E-01
-7.46000200E-02	 -4.21629555E-01
3.77693469E-09	 -4.58521193E-01
7.59674733E-02	 -4.75986245E-01
-7.59674731E-02	 -4.75986245E-01
-3.68517605E-09	 -5.23996345E-01
2.79809374E-09	 -5.28203586E-01
2.46269753E-10	 -6.26012919E-01
-3.10831847E-10	 -6.26594623E-01
1.37801981E-11	 -7.27694399E-01
7.06846528E-11	 -7.29621221E-01
-2.21092117E-11	 -8.35676941E-01
-3.24366001E-11	 -8.37802936E-01
3.60244629E-12	 -9.49051715E-01
7.09262566E-12	 -9.51293448E-01
7.02721698E-12	 -1.06764674E+00
8.60273268E-12	 -1.07022440E+00
-9.44092004E-12	 -1.19220822E+00
-7.31366967E-12	 -1.19470701E+00
4.06092017E-12	 -1.32188756E+00
5.09590293E-12	 -1.32483466E+00
-2.68010694E-12	 -1.45798233E+00
-2.62573585E-12	 -1.46068556E+00
1.64275103E-12	 -1.59909378E+00
2.40530966E-12	 -1.60232504E+00
-5.06115659E-13	 -1.74694914E+00
-5.11523577E-13	 -1.74980778E+00
-7.64215980E-13	 -1.89973596E+00
-8.05559853E-13	 -1.90317954E+00
6.16795672E-13	 -2.05950429E+00
8.20085222E-13	 -2.06247871E+00
-6.06162199E-14	 -2.22413710E+00
1.46887897E-13	 -2.22773764E+00
-4.70375219E-13	 -2.39592341E+00
-6.59279977E-13	 -2.39898361E+00
1.28618521E-12	 -2.57252317E+00
8.01011567E-12	 -2.57623975E+00
-7.79579621E-13	 -2.75640181E+00
-7.98110697E-12	 -2.75952571E+00
3.28602024E-13	 -2.94505541E+00
7.09532517E-12	 -2.94885829E+00
-2.92758821E-13	 -3.14108029E+00
-7.11961250E-12	 -3.14425185E+00
-1.51001315E-13	 -3.34185112E+00
6.91558981E-12	 -3.34571875E+00
8.44294459E-14	 -3.55006213E+00
-6.92485561E-12	 -3.55326966E+00
-4.76787829E-13	 -3.76299711E+00
3.96637466E-12	 -3.76691381E+00
3.32248312E-13	 -3.98342427E+00
-3.74515639E-12	 -3.98665924E+00
-4.46822647E-13	 -4.20855863E+00
4.61092615E-13	 -4.21251294E+00
3.00256885E-13	 -4.44122490E+00
-3.12754226E-12	 -4.44448103E+00
6.52780995E-15	 -4.67858543E+00
2.82009800E-12	 -4.68256887E+00
1.42377457E-12	 -4.92350859E+00
-5.68049012E-13	 -4.92678121E+00
