Real			 Imaginary
-6.12028610E-01	 -1.10028457E-01
6.12028610E-01	 -1.10028457E-01
4.38057293E-01	 -1.13803266E-01
-4.38057293E-01	 -1.13803266E-01
-4.71350625E-01	 -1.91248930E-01
4.71350625E-01	 -1.91248930E-01
-2.33786793E-01	 -2.49776297E-01
2.33786793E-01	 -2.49776297E-01
-3.56176376E-01	 -2.57744814E-01
3.56176376E-01	 -2.57744814E-01
-4.99073242E-01	 -2.73135568E-01
4.99073242E-01	 -2.73135568E-01
2.54384796E-01	 -3.16514210E-01
-2.54384796E-01	 -3.16514210E-01
-6.48885401E-02	 -3.61217606E-01
6.48885392E-02	 -3.61217606E-01
1.61333994E-01	 -3.70236986E-01
-1.61333994E-01	 -3.70236986E-01
-2.71470548E-01	 -3.85916404E-01
2.71470548E-01	 -3.85916404E-01
7.46000190E-02	 -4.20379553E-01
-7.46000189E-02	 -4.20379554E-01
8.81503304E-10	 -4.57271194E-01
-8.55996046E-02	 -4.81741203E-01
8.55996047E-02	 -4.81741203E-01
-2.80733513E-09	 -5.26424953E-01
2.66172546E-09	 -5.26953567E-01
-5.07066595E-11	 -6.25344622E-01
1.78540272E-11	 -6.26069665E-01
2.82465405E-11	 -7.27182145E-01
9.22235541E-12	 -7.28371221E-01
-4.72613047E-12	 -8.35208555E-01
-6.10591509E-12	 -8.36552936E-01
2.71341091E-12	 -9.48649133E-01
-1.04947245E-11	 -9.50043448E-01
-4.74127363E-12	 -1.06716198E+00
5.01277348E-12	 -1.06897440E+00
1.04958630E-11	 -1.19188490E+00
-2.03837995E-12	 -1.19345701E+00
-4.32174556E-12	 -1.32138550E+00
-2.43920512E-12	 -1.32358466E+00
1.19664629E-12	 -1.45771813E+00
1.14022817E-12	 -1.45943556E+00
-2.27565563E-13	 -1.59857694E+00
-7.91982020E-13	 -1.60107504E+00
3.25981883E-13	 -1.74672801E+00
5.10896333E-13	 -1.74855778E+00
-3.32105566E-13	 -1.89920741E+00
-2.08542375E-12	 -1.90192954E+00
1.72906064E-12	 -2.05931435E+00
9.73657114E-13	 -2.06122871E+00
-3.56333921E-13	 -2.22359961E+00
-3.22646833E-13	 -2.22648764E+00
9.41670961E-14	 -2.39575614E+00
-7.14057770E-13	 -2.39773361E+00
1.20403221E-13	 -2.57197892E+00
8.91930530E-13	 -2.57498975E+00
1.20937329E-15	 -2.75625114E+00
-8.68527374E-13	 -2.75827571E+00
-8.83417487E-14	 -2.94450609E+00
4.49307050E-13	 -2.94760829E+00
1.42661509E-13	 -3.14094193E+00
-3.14371251E-13	 -3.14300185E+00
-1.48290396E-14	 -3.34129797E+00
4.05862264E-13	 -3.34446875E+00
3.19707851E-14	 -3.54993299E+00
-2.99828010E-13	 -3.55201966E+00
-5.70395288E-14	 -3.76244103E+00
2.51014079E-13	 -3.76566381E+00
4.45043231E-14	 -3.98330214E+00
-2.65835442E-13	 -3.98540924E+00
1.50720366E-14	 -4.20800031E+00
2.67383001E-13	 -4.21126294E+00
5.69975233E-14	 -4.44110814E+00
-1.37256168E-13	 -4.44323103E+00
-6.88186219E-14	 -4.67802537E+00
1.18861051E-13	 -4.68131887E+00
-5.64817767E-14	 -4.92339601E+00
-1.72845320E-13	 -4.92553121E+00
