Real			 Imaginary
6.39151330E-01	 -4.56311911E-02
-6.39151330E-01	 -4.56311911E-02
-7.19005583E-01	 -4.69163982E-02
7.19005583E-01	 -4.69163982E-02
-6.58389277E-01	 -8.19132389E-02
6.58389277E-01	 -8.19132389E-02
-5.49434835E-01	 -1.03804945E-01
5.49434835E-01	 -1.03804945E-01
-6.08762198E-01	 -1.10565447E-01
6.08762198E-01	 -1.10565447E-01
6.75764494E-01	 -1.19691095E-01
-6.75764494E-01	 -1.19691095E-01
-5.64901535E-01	 -1.35888412E-01
5.64901535E-01	 -1.35888412E-01
-4.74327572E-01	 -1.51157392E-01
4.74327572E-01	 -1.51157392E-01
5.24807140E-01	 -1.59036922E-01
-5.24807140E-01	 -1.59036922E-01
5.79177946E-01	 -1.68918849E-01
-5.79177946E-01	 -1.68918849E-01
4.87446206E-01	 -1.80607267E-01
-4.87446206E-01	 -1.80607267E-01
4.07264627E-01	 -1.92787125E-01
-4.07264612E-01	 -1.92787129E-01
4.52198159E-01	 -2.00957737E-01
-4.52198157E-01	 -2.00957737E-01
4.99666080E-01	 -2.10761146E-01
-4.99666080E-01	 -2.10761146E-01
-4.18653522E-01	 -2.20324724E-01
4.18653525E-01	 -2.20324743E-01
-3.45590554E-01	 -2.30686097E-01
3.45592384E-01	 -2.30686568E-01
-3.86524286E-01	 -2.38874421E-01
3.86524321E-01	 -2.38874523E-01
-4.29311944E-01	 -2.48424947E-01
4.29311943E-01	 -2.48424947E-01
-3.55599242E-01	 -2.56727959E-01
3.55599453E-01	 -2.56729697E-01
-2.87920418E-01	 -2.65769543E-01
2.88046460E-01	 -2.65901869E-01
-3.25727000E-01	 -2.73981407E-01
3.25722014E-01	 -2.73997396E-01
-3.64985993E-01	 -2.83241064E-01
3.64985963E-01	 -2.83241084E-01
-2.96901815E-01	 -2.90742282E-01
2.96751583E-01	 -2.90895424E-01
-2.36198691E-01	 -2.97373958E-01
1.56164026E-01	 -2.99930234E-01
2.41130105E-01	 -3.00436051E-01
1.09100400E-01	 -3.00511781E-01
6.23359502E-02	 -3.02419406E-01
2.07219552E-01	 -3.02917547E-01
-1.48328494E-01	 -3.05998715E-01
-1.04216765E-01	 -3.06204457E-01
1.43217235E-02	 -3.06514131E-01
-2.68809744E-01	 -3.07711870E-01
2.67878377E-01	 -3.07935658E-01
-1.92138399E-01	 -3.10632251E-01
-6.15107268E-02	 -3.12182159E-01
-2.90183745E-02	 -3.14554348E-01
3.05040165E-01	 -3.15934933E-01
-3.05043446E-01	 -3.15938967E-01
-2.41415917E-01	 -3.26649776E-01
2.39279393E-01	 -3.29062340E-01
-2.12355703E-01	 -3.33175858E-01
2.12313097E-01	 -3.44241424E-01
2.48409846E-01	 -3.46329126E-01
-2.48294095E-01	 -3.46554176E-01
9.99045089E-03	 -3.46623356E-01
-2.91356938E-02	 -3.47591649E-01
4.61204368E-02	 -3.54074898E-01
-6.82129806E-02	 -3.54534159E-01
-2.10903444E-01	 -3.57669731E-01
-1.04202415E-01	 -3.59706342E-01
1.79257561E-01	 -3.62042654E-01
-1.42558602E-01	 -3.62601642E-01
1.45289718E-01	 -3.66371049E-01
-1.82181803E-01	 -3.67098506E-01
1.06741126E-01	 -3.72148853E-01
7.87824647E-02	 -3.73121244E-01
2.09912239E-01	 -3.73244084E-01
2.08711581E-01	 -3.76878678E-01
-2.08302256E-01	 -3.83770781E-01
9.13376177E-02	 -3.94129104E-01
-1.94881846E-01	 -3.99762483E-01
1.97641635E-01	 -4.29818966E-01
1.95453704E-01	 -4.31166633E-01
-1.96012171E-01	 -4.41872308E-01
-1.72935211E-01	 -4.51052509E-01
-1.60539887E-01	 -4.75846294E-01
1.81803006E-01	 -4.86924583E-01
1.82704610E-01	 -4.88693806E-01
-1.77386296E-01	 -4.99767669E-01
-1.67755409E-01	 -5.28351216E-01
-1.51410828E-01	 -5.35795681E-01
1.69434964E-01	 -5.36871599E-01
1.65243591E-01	 -5.38732157E-01
-1.62762656E-01	 -5.84833791E-01
-1.65176615E-01	 -5.88357009E-01
1.63316972E-01	 -5.89034626E-01
1.66380349E-01	 -5.91046836E-01
-9.84510431E-03	 -6.32847845E-01
-2.70509269E-02	 -6.38084817E-01
-1.56663624E-01	 -6.52686450E-01
1.58174509E-01	 -6.53987202E-01
-1.58875228E-01	 -6.55181093E-01
1.60936667E-01	 -6.56292255E-01
1.49119067E-02	 -6.56410329E-01
-6.28214485E-02	 -6.64618965E-01
6.32178394E-02	 -6.71825010E-01
-1.15655147E-01	 -6.76878480E-01
1.14182711E-01	 -6.80865462E-01
-1.53887007E-01	 -6.97961619E-01
1.53620540E-01	 -6.98769640E-01
-1.70849643E-01	 -7.21344517E-01
1.71018808E-01	 -7.21433302E-01
1.81177939E-01	 -7.46382493E-01
-1.81185454E-01	 -7.46423230E-01
-1.94237698E-01	 -7.76329407E-01
1.94230279E-01	 -7.76333388E-01
-2.06730190E-01	 -8.02513591E-01
2.06730943E-01	 -8.02514933E-01
2.19854594E-01	 -8.33902322E-01
-2.19854253E-01	 -8.33902663E-01
2.33152678E-01	 -8.60764446E-01
-2.33152773E-01	 -8.60764557E-01
-2.46355514E-01	 -8.94364272E-01
2.46355506E-01	 -8.94364315E-01
2.60558962E-01	 -9.21888648E-01
-2.60558950E-01	 -9.21888648E-01
2.73726440E-01	 -9.57984687E-01
-2.73726442E-01	 -9.57984689E-01
-2.88891906E-01	 -9.86220259E-01
2.88891906E-01	 -9.86220259E-01
3.01913127E-01	 -1.02528688E+00
-3.01913127E-01	 -1.02528688E+00
3.18092276E-01	 -1.05428038E+00
-3.18092276E-01	 -1.05428038E+00
-3.30796944E-01	 -1.09677510E+00
3.30796944E-01	 -1.09677510E+00
-3.48054626E-01	 -1.12657432E+00
3.48054626E-01	 -1.12657432E+00
3.60244360E-01	 -1.17321737E+00
-3.60244360E-01	 -1.17321737E+00
3.78636455E-01	 -1.20387213E+00
-3.78636455E-01	 -1.20387213E+00
-3.90031421E-01	 -1.25541831E+00
3.90031421E-01	 -1.25541831E+00
-4.09624992E-01	 -1.28697187E+00
4.09624992E-01	 -1.28697187E+00
4.19908424E-01	 -1.34458142E+00
-4.19908424E-01	 -1.34458142E+00
4.40746402E-01	 -1.37708253E+00
-4.40746402E-01	 -1.37708253E+00
-4.49521253E-01	 -1.44205590E+00
4.49521253E-01	 -1.44205590E+00
4.71640571E-01	 -1.47554390E+00
-4.71640571E-01	 -1.47554390E+00
4.78511954E-01	 -1.54982160E+00
-4.78511954E-01	 -1.54982160E+00
-5.01893512E-01	 -1.58436934E+00
5.01893512E-01	 -1.58436934E+00
5.06466134E-01	 -1.67017287E+00
-5.06466134E-01	 -1.67017287E+00
-5.31061913E-01	 -1.70587978E+00
5.31061913E-01	 -1.70587978E+00
-5.33055538E-01	 -1.80636198E+00
5.33055538E-01	 -1.80636198E+00
5.58759258E-01	 -1.84344239E+00
-5.58759258E-01	 -1.84344239E+00
-5.57993627E-01	 -1.96213948E+00
5.57993627E-01	 -1.96213948E+00
5.84708943E-01	 -2.00089260E+00
-5.84708943E-01	 -2.00089260E+00
-5.81148843E-01	 -2.14268493E+00
5.81148843E-01	 -2.14268493E+00
6.08787405E-01	 -2.18358183E+00
-6.08787405E-01	 -2.18358183E+00
6.02449040E-01	 -2.35399316E+00
-6.02449040E-01	 -2.35399316E+00
-6.30986924E-01	 -2.39758642E+00
6.30986924E-01	 -2.39758642E+00
-6.21934728E-01	 -2.60447223E+00
6.21934728E-01	 -2.60447223E+00
-6.51386146E-01	 -2.65150747E+00
6.51386146E-01	 -2.65150747E+00
-6.39648813E-01	 -2.90419779E+00
6.39648813E-01	 -2.90419779E+00
6.70087728E-01	 -2.95551667E+00
-6.70087728E-01	 -2.95551667E+00
6.55680924E-01	 -3.26786926E+00
-6.55680924E-01	 -3.26786926E+00
-6.87212381E-01	 -3.32460385E+00
6.87212381E-01	 -3.32460385E+00
-6.70084818E-01	 -3.71396463E+00
6.70084818E-01	 -3.71396463E+00
7.02860535E-01	 -3.77745594E+00
-7.02860535E-01	 -3.77745594E+00
-6.82926284E-01	 -4.27065735E+00
6.82926284E-01	 -4.27065735E+00
-7.17133455E-01	 -4.34277903E+00
7.17133455E-01	 -4.34277903E+00
