Real			 Imaginary
-6.12028610E-01	 -1.10228457E-01
6.12028610E-01	 -1.10228457E-01
4.39223111E-01	 -1.14691170E-01
-4.39223111E-01	 -1.14691170E-01
-4.71350625E-01	 -1.91448930E-01
4.71350625E-01	 -1.91448930E-01
-2.35228739E-01	 -2.50822518E-01
2.35228739E-01	 -2.50822518E-01
-3.56176376E-01	 -2.57944814E-01
3.56176376E-01	 -2.57944814E-01
4.97753116E-01	 -2.72579928E-01
-4.97753116E-01	 -2.72579928E-01
-2.54384796E-01	 -3.16714210E-01
2.54384796E-01	 -3.16714210E-01
-6.64004791E-02	 -3.62109670E-01
6.64004785E-02	 -3.62109671E-01
1.61333994E-01	 -3.70436985E-01
-1.61333994E-01	 -3.70436986E-01
2.69907099E-01	 -3.85116934E-01
-2.69907099E-01	 -3.85116934E-01
7.46000202E-02	 -4.20579552E-01
-7.46000208E-02	 -4.20579554E-01
1.23205592E-09	 -4.57471198E-01
8.39498316E-02	 -4.80691292E-01
-8.39498316E-02	 -4.80691292E-01
-5.10248134E-09	 -5.25921188E-01
5.38470279E-09	 -5.27153596E-01
-4.97515014E-11	 -6.25544622E-01
-1.85885636E-10	 -6.26028471E-01
1.52917102E-12	 -7.27252624E-01
2.27162538E-11	 -7.28571222E-01
1.80329929E-11	 -8.35270357E-01
2.25757238E-11	 -8.36752936E-01
-1.27978874E-11	 -9.48697958E-01
-2.13181596E-11	 -9.50243448E-01
5.05945052E-12	 -1.06722820E+00
4.38063253E-12	 -1.06917440E+00
-4.52295608E-12	 -1.19191829E+00
4.73812795E-12	 -1.19365701E+00
2.99519562E-12	 -1.32145601E+00
-7.37706606E-13	 -1.32378466E+00
4.27873343E-12	 -1.45773996E+00
-6.16621711E-13	 -1.45963556E+00
-5.01567607E-12	 -1.59865099E+00
-1.49637515E-12	 -1.60127504E+00
1.35587671E-12	 -1.74674140E+00
1.73951200E-13	 -1.74875778E+00
-1.35331607E-12	 -1.89928423E+00
-8.63623961E-13	 -1.90212954E+00
9.44442950E-13	 -2.05932163E+00
7.44821549E-13	 -2.06142871E+00
-3.15577251E-13	 -2.22367851E+00
-3.04576568E-13	 -2.22668764E+00
-1.55318691E-13	 -2.39575897E+00
-7.58519572E-14	 -2.39793361E+00
2.89764687E-13	 -2.57205940E+00
1.87483791E-13	 -2.57518975E+00
-1.99473932E-13	 -2.75625071E+00
-1.08549057E-12	 -2.75847571E+00
6.51125750E-14	 -2.94458774E+00
9.50938837E-13	 -2.94780829E+00
2.69576162E-14	 -3.14093908E+00
-7.09999828E-13	 -3.14320185E+00
1.23083428E-13	 -3.34138051E+00
8.19866064E-13	 -3.34466875E+00
-2.07130867E-13	 -3.54992833E+00
-7.86531595E-13	 -3.55221966E+00
2.12681355E-13	 -3.76252425E+00
7.34272163E-13	 -3.76586381E+00
-1.60058903E-13	 -3.98329610E+00
-5.42866582E-13	 -3.98560924E+00
1.82765465E-13	 -4.20808404E+00
5.11662746E-13	 -4.21146294E+00
-2.07271242E-13	 -4.44110104E+00
-4.58649798E-13	 -4.44343103E+00
1.29932454E-13	 -4.67810950E+00
3.78400950E-13	 -4.68151887E+00
-3.37295463E-14	 -4.92338810E+00
-2.36455058E-13	 -4.92573121E+00
