Real			 Imaginary
9.06014305E-01	 -5.47626662E-02
-9.06014305E-01	 -5.47626662E-02
8.16599937E-01	 -5.53390466E-02
-8.16599937E-01	 -5.53390466E-02
-8.35675313E-01	 -9.53729025E-02
8.35675313E-01	 -9.53729025E-02
-7.13446442E-01	 -1.23269215E-01
7.13446442E-01	 -1.23269215E-01
-7.78088188E-01	 -1.28620844E-01
7.78088188E-01	 -1.28620844E-01
-8.52181506E-01	 -1.37370727E-01
8.52181506E-01	 -1.37370727E-01
7.27192398E-01	 -1.58005542E-01
-7.27192398E-01	 -1.58005542E-01
6.26933006E-01	 -1.78532121E-01
-6.26933006E-01	 -1.78532121E-01
6.80666974E-01	 -1.84867009E-01
-6.80666974E-01	 -1.84867009E-01
-7.39256443E-01	 -1.93874048E-01
7.39256443E-01	 -1.93874048E-01
-6.37313449E-01	 -2.09897177E-01
6.37313450E-01	 -2.09897177E-01
-5.49605951E-01	 -2.27096866E-01
5.49606005E-01	 -2.27096889E-01
-5.96411713E-01	 -2.33511801E-01
5.96411715E-01	 -2.33511806E-01
6.46401130E-01	 -2.42017445E-01
-6.46401130E-01	 -2.42017445E-01
-5.57486659E-01	 -2.55985145E-01
5.57486614E-01	 -2.55985227E-01
-4.78443421E-01	 -2.71292912E-01
4.78441871E-01	 -2.71297397E-01
-5.20204508E-01	 -2.77510313E-01
5.20203842E-01	 -2.77510346E-01
-5.64300598E-01	 -2.85404781E-01
5.64300592E-01	 -2.85404786E-01
4.84318804E-01	 -2.98227676E-01
-4.84324830E-01	 -2.98232746E-01
4.11941265E-01	 -3.12164377E-01
-4.12053025E-01	 -3.12288055E-01
4.49659600E-01	 -3.18255891E-01
-4.49640905E-01	 -3.18289912E-01
4.89276398E-01	 -3.25540197E-01
-4.89276559E-01	 -3.25540749E-01
4.16254312E-01	 -3.37892576E-01
-4.15891852E-01	 -3.37974213E-01
2.51684756E-01	 -3.45787037E-01
3.54806112E-01	 -3.46199281E-01
2.00753926E-01	 -3.46539080E-01
1.50663494E-01	 -3.47212818E-01
-2.02175035E-01	 -3.47642166E-01
-1.53100137E-01	 -3.47751730E-01
-3.50719200E-01	 -3.47896474E-01
-1.04635550E-01	 -3.47953913E-01
-5.48569945E-02	 -3.48263308E-01
-2.52754862E-01	 -3.48267578E-01
9.95360815E-02	 -3.48485541E-01
3.05446613E-01	 -3.48507403E-01
-3.34119095E-03	 -3.49574644E-01
4.82408974E-02	 -3.50070446E-01
-3.04328115E-01	 -3.51564096E-01
-3.82932223E-01	 -3.56105546E-01
3.83340588E-01	 -3.58032069E-01
-4.19390992E-01	 -3.63247469E-01
4.19422091E-01	 -3.63269922E-01
-3.56963668E-01	 -3.74709845E-01
3.52251344E-01	 -3.78936716E-01
-3.55059594E-01	 -3.99168708E-01
3.53656596E-01	 -3.99504721E-01
3.36507610E-01	 -4.00634584E-01
-3.33405840E-01	 -4.04513436E-01
4.04947269E-02	 -4.10118866E-01
-5.21567879E-03	 -4.10886982E-01
8.91822586E-02	 -4.14208094E-01
1.99765004E-01	 -4.15933249E-01
-5.49371849E-02	 -4.16280983E-01
1.44451356E-01	 -4.16857391E-01
2.52931358E-01	 -4.17558030E-01
3.06349272E-01	 -4.17943819E-01
-1.06609733E-01	 -4.19541876E-01
-1.55983548E-01	 -4.21771846E-01
-2.05237932E-01	 -4.25416084E-01
-3.01477456E-01	 -4.31544299E-01
-2.58485838E-01	 -4.31772525E-01
-3.13470507E-01	 -4.32714534E-01
3.06076456E-01	 -4.38605328E-01
3.14927389E-01	 -4.56500062E-01
-2.56961695E-01	 -4.63901954E-01
1.21533941E-01	 -4.78889276E-01
-2.89205086E-01	 -4.79462687E-01
-5.10369819E-02	 -4.86000465E-01
-2.88478331E-01	 -4.86280844E-01
2.98564519E-01	 -5.00147007E-01
2.91286198E-01	 -5.19409963E-01
-2.80479158E-01	 -5.34444157E-01
1.47042197E-01	 -5.49107265E-01
-2.78837641E-01	 -5.59796664E-01
1.39457177E-03	 -5.69171633E-01
2.69772198E-01	 -5.70956274E-01
2.79082989E-01	 -5.72854950E-01
-2.65600601E-01	 -5.92725692E-01
1.38005656E-01	 -6.24105343E-01
-2.63890103E-01	 -6.24937147E-01
2.65319568E-01	 -6.35341638E-01
2.56624478E-01	 -6.49662529E-01
-2.58520562E-01	 -6.50985354E-01
-2.49889352E-01	 -6.87173597E-01
2.51727465E-01	 -7.12948085E-01
-2.49440380E-01	 -7.19943667E-01
1.38945075E-01	 -7.23394352E-01
2.37945146E-01	 -7.29014369E-01
-2.38502124E-01	 -7.51883540E-01
4.95029767E-02	 -7.52121054E-01
-2.34499015E-01	 -7.89652914E-01
2.35421824E-01	 -7.94070096E-01
2.19229480E-01	 -8.13045257E-01
-2.26994725E-01	 -8.22164000E-01
1.39695063E-01	 -8.32755112E-01
-2.27204175E-02	 -8.42154886E-01
-2.20017687E-01	 -8.57806122E-01
2.18435068E-01	 -8.70880652E-01
-2.12200867E-01	 -8.98118141E-01
2.06370322E-01	 -9.04933282E-01
-2.06830409E-01	 -9.29879178E-01
2.04533071E-01	 -9.40971195E-01
-1.89517200E-01	 -9.80249620E-01
1.94053689E-01	 -9.91215754E-01
-1.88794110E-01	 -1.00679583E+00
-1.35387382E-01	 -1.01105467E+00
1.96027276E-01	 -1.01531544E+00
1.06843316E-01	 -1.06073954E+00
-1.21470803E-01	 -1.07818709E+00
-1.68211114E-01	 -1.08143727E+00
1.77742823E-01	 -1.08415237E+00
1.83047791E-01	 -1.09587406E+00
-1.65634695E-01	 -1.09679336E+00
-1.19090536E-01	 -1.14660348E+00
1.68878818E-01	 -1.17802686E+00
1.60107203E-01	 -1.17872116E+00
-1.58443699E-01	 -1.18808391E+00
-1.52991628E-01	 -1.19345698E+00
1.28308678E-01	 -1.22926722E+00
1.50513189E-01	 -1.26763965E+00
-1.34246421E-01	 -1.27585406E+00
-1.49275797E-01	 -1.29061533E+00
1.46961234E-01	 -1.30005554E+00
-1.17606536E-01	 -1.30774664E+00
1.15095204E-01	 -1.32562567E+00
-4.87306476E-02	 -1.33209129E+00
-1.40756612E-01	 -1.39064808E+00
1.35088312E-01	 -1.39071313E+00
1.44411137E-01	 -1.39206446E+00
-1.38035683E-01	 -1.39514273E+00
1.31163801E-01	 -1.48128358E+00
1.34673933E-01	 -1.48337707E+00
-1.31013877E-01	 -1.48477895E+00
-1.31595241E-01	 -1.48485710E+00
1.18525765E-01	 -1.56803092E+00
-1.16942940E-01	 -1.57073603E+00
1.19309117E-01	 -1.57272573E+00
-1.15584963E-01	 -1.57332921E+00
1.03528946E-01	 -1.65533491E+00
-1.00553779E-01	 -1.65656299E+00
-9.39829046E-02	 -1.66169902E+00
1.00275737E-01	 -1.66229513E+00
-3.17924586E-02	 -1.71325787E+00
8.05312057E-02	 -1.75313250E+00
-7.04449198E-02	 -1.75610824E+00
7.62193009E-02	 -1.76333043E+00
-3.21143893E-02	 -1.77139434E+00
-7.64050939E-02	 -1.77927049E+00
2.26613003E-02	 -1.80011476E+00
2.42511769E-02	 -1.81045825E+00
7.30061934E-02	 -1.88099560E+00
-7.49614728E-02	 -1.88338753E+00
7.60274454E-02	 -1.88450218E+00
-7.88394649E-02	 -1.88728863E+00
7.52675186E-02	 -1.98141696E+00
7.63029933E-02	 -1.98283630E+00
-7.57819038E-02	 -1.98384119E+00
-7.62327896E-02	 -1.98558143E+00
6.85948530E-02	 -2.07743190E+00
7.02862983E-02	 -2.07947289E+00
-6.78404538E-02	 -2.07997293E+00
-6.95453751E-02	 -2.08144822E+00
7.06952422E-04	 -2.14853502E+00
-5.84851310E-02	 -2.15428283E+00
5.97035756E-02	 -2.15444389E+00
7.90247801E-02	 -2.17861399E+00
-7.86790746E-02	 -2.17887496E+00
-9.27607415E-02	 -2.22157660E+00
9.26092494E-02	 -2.22158271E+00
-1.13289649E-01	 -2.26184909E+00
1.13288828E-01	 -2.26189259E+00
1.31153932E-01	 -2.30499392E+00
-1.31144139E-01	 -2.30500152E+00
1.51698507E-01	 -2.34586579E+00
-1.51700870E-01	 -2.34586870E+00
-1.69373296E-01	 -2.39155836E+00
1.69373102E-01	 -2.39155926E+00
-1.90938379E-01	 -2.43310864E+00
1.90938722E-01	 -2.43310878E+00
2.08148462E-01	 -2.48142942E+00
-2.08148474E-01	 -2.48142946E+00
-2.30791875E-01	 -2.52373020E+00
2.30791830E-01	 -2.52373021E+00
-2.47388026E-01	 -2.57502641E+00
2.47388026E-01	 -2.57502642E+00
2.71158322E-01	 -2.61809982E+00
-2.71158319E-01	 -2.61809983E+00
2.86923512E-01	 -2.67269767E+00
-2.86923513E-01	 -2.67269767E+00
-3.11895153E-01	 -2.71655533E+00
3.11895153E-01	 -2.71655533E+00
3.26586129E-01	 -2.77495134E+00
-3.26586128E-01	 -2.77495134E+00
3.52823260E-01	 -2.81960054E+00
-3.52823260E-01	 -2.81960054E+00
-3.66122914E-01	 -2.88228914E+00
3.66122914E-01	 -2.88228914E+00
-3.93711598E-01	 -2.92771340E+00
3.93711598E-01	 -2.92771340E+00
4.05267515E-01	 -2.99543629E+00
-4.05267515E-01	 -2.99543629E+00
4.34272241E-01	 -3.04160338E+00
-4.34272241E-01	 -3.04160338E+00
-4.43662441E-01	 -3.11516093E+00
4.43662441E-01	 -3.11516093E+00
-4.74150531E-01	 -3.16199345E+00
4.74150531E-01	 -3.16199345E+00
4.80950749E-01	 -3.24255575E+00
-4.80950749E-01	 -3.24255575E+00
5.12923944E-01	 -3.28995590E+00
-5.12923944E-01	 -3.28995590E+00
-5.16727196E-01	 -3.37882587E+00
5.16727196E-01	 -3.37882587E+00
-5.50130041E-01	 -3.42666179E+00
5.50130041E-01	 -3.42666179E+00
-5.50665917E-01	 -3.52560689E+00
5.50665917E-01	 -3.52560689E+00
5.85316443E-01	 -3.57380170E+00
-5.85316443E-01	 -3.57380170E+00
-5.82497256E-01	 -3.68465693E+00
5.82497256E-01	 -3.68465693E+00
-6.18147071E-01	 -3.73320837E+00
6.18147071E-01	 -3.73320837E+00
6.12116938E-01	 -3.85819648E+00
-6.12116938E-01	 -3.85819648E+00
-6.48469291E-01	 -3.90727709E+00
6.48469291E-01	 -3.90727709E+00
-6.39516738E-01	 -4.04848848E+00
6.39516738E-01	 -4.04848848E+00
6.76340454E-01	 -4.09837321E+00
-6.76340454E-01	 -4.09837321E+00
6.64818473E-01	 -4.25830490E+00
-6.64818473E-01	 -4.25830490E+00
-7.01951632E-01	 -4.30939596E+00
7.01951632E-01	 -4.30939596E+00
-6.88169908E-01	 -4.49044451E+00
6.88169908E-01	 -4.49044451E+00
7.25553913E-01	 -4.54314604E+00
-7.25553913E-01	 -4.54314604E+00
7.09762057E-01	 -4.74843440E+00
-7.09762057E-01	 -4.74843440E+00
-7.47391570E-01	 -4.80321067E+00
7.47391570E-01	 -4.80321067E+00
