Real			 Imaginary
0.00000000E+00	 -6.46740110E-04
0.00000000E+00	 -1.01550794E-03
0.00000000E+00	 -1.38696044E-03
0.00000000E+00	 -2.21400303E-03
0.00000000E+00	 -2.62066099E-03
0.00000000E+00	 -3.96509705E-03
0.00000000E+00	 -4.34784176E-03
0.00000000E+00	 -6.15635329E-03
0.00000000E+00	 -6.56850275E-03
0.00000000E+00	 -8.89826155E-03
0.00000000E+00	 -9.28264396E-03
0.00000000E+00	 -1.20767298E-02
0.00000000E+00	 -1.24902654E-02
0.00000000E+00	 -1.58064385E-02
0.00000000E+00	 -1.61913670E-02
0.00000000E+00	 -1.99718577E-02
0.00000000E+00	 -2.03859489E-02
0.00000000E+00	 -2.46888343E-02
0.00000000E+00	 -2.50740110E-02
0.00000000E+00	 -2.98411840E-02
0.00000000E+00	 -3.02555533E-02
0.00000000E+00	 -3.55452655E-02
0.00000000E+00	 -3.59305758E-02
0.00000000E+00	 -4.16845503E-02
0.00000000E+00	 -4.20990786E-02
0.00000000E+00	 -4.83756710E-02
0.00000000E+00	 -4.87610616E-02
0.00000000E+00	 -5.55018971E-02
0.00000000E+00	 -5.59165248E-02
0.00000000E+00	 -6.31800257E-02
0.00000000E+00	 -6.35654682E-02
0.00000000E+00	 -7.12931979E-02
0.00000000E+00	 -7.17078918E-02
0.00000000E+00	 -7.99583177E-02
0.00000000E+00	 -8.03437956E-02
0.00000000E+00	 -8.90584394E-02
0.00000000E+00	 -8.94731797E-02
0.00000000E+00	 -9.87105407E-02
0.00000000E+00	 -9.90960440E-02
0.00000000E+00	 -1.08797614E-01
0.00000000E+00	 -1.09212389E-01
0.00000000E+00	 -1.19436691E-01
0.00000000E+00	 -1.19822213E-01
0.00000000E+00	 -1.30510719E-01
0.00000000E+00	 -1.30925518E-01
0.00000000E+00	 -1.42136767E-01
0.00000000E+00	 -1.42522303E-01
0.00000000E+00	 -1.54197750E-01
0.00000000E+00	 -1.54612569E-01
0.00000000E+00	 -1.66810767E-01
0.00000000E+00	 -1.67196314E-01
0.00000000E+00	 -1.79858706E-01
0.00000000E+00	 -1.80273540E-01
0.00000000E+00	 -1.93458690E-01
0.00000000E+00	 -1.93844246E-01
0.00000000E+00	 -2.07493586E-01
0.00000000E+00	 -2.07908433E-01
0.00000000E+00	 -2.22080536E-01
0.00000000E+00	 -2.22466099E-01
0.00000000E+00	 -2.37102389E-01
0.00000000E+00	 -2.37517246E-01
0.00000000E+00	 -2.52676304E-01
0.00000000E+00	 -2.53061873E-01
0.00000000E+00	 -2.68685115E-01
0.00000000E+00	 -2.69099980E-01
0.00000000E+00	 -2.85245993E-01
0.00000000E+00	 -2.85631567E-01
0.00000000E+00	 -3.02241763E-01
0.00000000E+00	 -3.02656635E-01
0.00000000E+00	 -3.19789605E-01
0.00000000E+00	 -3.20175183E-01
0.00000000E+00	 -3.37772334E-01
0.00000000E+00	 -3.38187211E-01
0.00000000E+00	 -3.56307138E-01
0.00000000E+00	 -3.56692719E-01
0.00000000E+00	 -3.75276825E-01
0.00000000E+00	 -3.75691707E-01
0.00000000E+00	 -3.94798592E-01
0.00000000E+00	 -3.95184176E-01
0.00000000E+00	 -4.14755239E-01
0.00000000E+00	 -4.15170125E-01
0.00000000E+00	 -4.35263967E-01
0.00000000E+00	 -4.35649554E-01
0.00000000E+00	 -4.56207574E-01
0.00000000E+00	 -4.56622463E-01
0.00000000E+00	 -4.77703264E-01
0.00000000E+00	 -4.78088853E-01
0.00000000E+00	 -4.99633830E-01
0.00000000E+00	 -5.00048723E-01
0.00000000E+00	 -5.22116482E-01
0.00000000E+00	 -5.22502073E-01
0.00000000E+00	 -5.45034007E-01
0.00000000E+00	 -5.45448903E-01
0.00000000E+00	 -5.68503621E-01
0.00000000E+00	 -5.68889214E-01
0.00000000E+00	 -5.92408106E-01
0.00000000E+00	 -5.92823004E-01
0.00000000E+00	 -6.16864681E-01
0.00000000E+00	 -6.17250275E-01
0.00000000E+00	 -6.41756126E-01
0.00000000E+00	 -6.42171026E-01
4.28493366E-21	 -6.67199662E-01
-2.19394466E-16	 -6.67585258E-01
2.19119095E-16	 -6.93078067E-01
-2.90805873E-17	 -6.93492969E-01
3.94217900E-17	 -7.19508565E-01
-9.95183073E-19	 -7.19894161E-01
1.07453394E-18	 -7.46373929E-01
-1.25738436E-17	 -7.46788833E-01
2.67286341E-18	 -7.73791388E-01
-2.38899869E-19	 -7.74176985E-01
-1.56472894E-17	 -8.01643712E-01
6.38133449E-19	 -8.02058617E-01
-1.40248012E-19	 -8.30048132E-01
1.48795617E-17	 -8.30433730E-01
-1.60954883E-17	 -8.58887416E-01
-9.84342301E-19	 -8.59302323E-01
3.00721151E-21	 -8.88278797E-01
1.61182059E-17	 -8.88664396E-01
-1.37235938E-17	 -9.18105041E-01
2.39959355E-17	 -9.18519949E-01
-3.44854868E-15	 -9.48483383E-01
-6.17430145E-17	 -9.48868983E-01
7.65064733E-17	 -9.79296588E-01
3.20124614E-15	 -9.79711497E-01
2.23343289E-16	 -1.01066189E+00
-1.50333750E-20	 -1.01104749E+00
1.58438798E-16	 -1.04246205E+00
3.55269569E-19	 -1.04287696E+00
-5.59368905E-15	 -1.07481432E+00
-4.09943357E-17	 -1.07519992E+00
-1.17265735E-16	 -1.10760144E+00
5.54266413E-15	 -1.10801635E+00
5.06700352E-17	 -1.14094067E+00
7.92054955E-20	 -1.14132627E+00
-5.70474291E-20	 -1.17471475E+00
-4.67483858E-20	 -1.17512966E+00
2.51220179E-20	 -1.20904094E+00
-8.07003849E-22	 -1.20942654E+00
1.81007477E-17	 -1.24380198E+00
-4.00070987E-14	 -1.24421689E+00
4.00143498E-14	 -1.27911513E+00
-3.27714969E-19	 -1.27950073E+00
-8.34186924E-18	 -1.31486313E+00
-3.98611372E-15	 -1.31527805E+00
3.97107129E-15	 -1.35116324E+00
2.13913539E-19	 -1.35154884E+00
-1.07863944E-12	 -1.38789820E+00
1.38476178E-15	 -1.38831312E+00
-1.35273923E-15	 -1.42518527E+00
1.06530770E-12	 -1.42557088E+00
1.32473660E-14	 -1.46290720E+00
-4.53187118E-16	 -1.46332211E+00
5.40143291E-16	 -1.50118123E+00
-5.30143135E-19	 -1.50156683E+00
-7.59747858E-13	 -1.53989011E+00
1.82731176E-16	 -1.54030503E+00
-1.37594498E-16	 -1.57915110E+00
7.50913623E-13	 -1.57953670E+00
9.89292379E-13	 -1.61884695E+00
-2.38589921E-16	 -1.61926186E+00
1.80579462E-16	 -1.65909490E+00
-9.67661927E-13	 -1.65948050E+00
-9.83088416E-13	 -1.69977770E+00
1.06843062E-16	 -1.70019262E+00
-1.18323073E-16	 -1.74101261E+00
9.57070515E-13	 -1.74139822E+00
8.92939070E-13	 -1.78268238E+00
-2.82185635E-17	 -1.78309729E+00
8.62519911E-17	 -1.82490425E+00
-8.67772415E-13	 -1.82528985E+00
-7.73276284E-13	 -1.86756098E+00
-5.44891266E-17	 -1.86797589E+00
-5.58131380E-17	 -1.91076981E+00
7.51059917E-13	 -1.91115541E+00
6.47667688E-13	 -1.95441349E+00
3.28940315E-17	 -1.95482841E+00
5.55948311E-17	 -1.99860929E+00
-6.29148311E-13	 -1.99899489E+00
-5.27681960E-13	 -2.04323993E+00
-1.86351370E-16	 -2.04365485E+00
-5.10135553E-17	 -2.08842269E+00
5.12888539E-13	 -2.08880829E+00
4.18797281E-13	 -2.13404029E+00
2.42282722E-16	 -2.13445521E+00
4.42825500E-17	 -2.18021001E+00
-4.07540598E-13	 -2.18059561E+00
-3.23764224E-13	 -2.22681457E+00
5.43473511E-17	 -2.22722949E+00
-3.61043106E-17	 -2.27397125E+00
3.15257464E-13	 -2.27435685E+00
2.42083801E-13	 -2.32156278E+00
-7.14370945E-17	 -2.32197770E+00
2.77827743E-17	 -2.36970641E+00
-2.36022766E-13	 -2.37009202E+00
1.69776831E-13	 -2.41828490E+00
6.05109948E-17	 -2.41869982E+00
2.56815014E-17	 -2.46741549E+00
-1.70668948E-13	 -2.46780110E+00
1.05310931E-13	 -2.51698094E+00
5.66815208E-17	 -2.51739586E+00
2.30113732E-17	 -2.56709850E+00
-1.06082970E-13	 -2.56748410E+00
1.14728360E-13	 -2.61765091E+00
-6.23662733E-17	 -2.61806583E+00
3.56957594E-18	 -2.66875542E+00
-1.14735577E-13	 -2.66914103E+00
-8.97739703E-16	 -2.72029479E+00
1.70644437E-16	 -2.72070971E+00
4.60915269E-16	 -2.77238627E+00
-1.62995504E-20	 -2.77277188E+00
4.23211068E-20	 -2.82491260E+00
-6.35276945E-16	 -2.82532752E+00
-1.34220817E-19	 -2.87799107E+00
2.11836204E-18	 -2.87837662E+00
2.44558948E-17	 -2.93150439E+00
-1.81875400E-19	 -2.93191931E+00
2.75600952E-21	 -2.98557031E+00
-2.62805457E-17	 -2.98595511E+00
3.32361215E-17	 -3.04007101E+00
6.83529504E-17	 -3.04048594E+00
-6.29834362E-17	 -3.09513200E+00
-3.37547296E-17	 -3.09550306E+00
8.14638637E-18	 -3.15062520E+00
-5.43245526E-18	 -3.15104026E+00
5.11936256E-20	 -3.20675312E+00
-8.14652676E-18	 -3.20697675E+00
3.80467110E-20	 -3.26328110E+00
3.15544510E-17	 -3.26369727E+00
-3.88253377E-21	 -3.31999493E+00
-2.76972035E-17	 -3.32095003E+00
-1.81031517E-20	 -3.37873462E+00
1.29305085E-17	 -3.37915667E+00
6.54827677E-21	 -3.43262300E+00
-1.06785094E-17	 -3.43973112E+00
-1.12432167E-20	 -3.49941392E+00
-1.81282031E-18	 -3.49985455E+00
-2.55370736E-17	 -3.54101811E+00
-2.66179172E-18	 -3.56743998E+00
2.55354083E-17	 -3.62998353E+00
-7.51877308E-19	 -3.63045984E+00
-1.48725394E-20	 -3.65309812E+00
-2.82861298E-18	 -3.70902859E+00
-3.98657115E-21	 -3.77521307E+00
-4.67810755E-19	 -3.77573685E+00
-8.85337821E-19	 -3.78658025E+00
3.68536120E-18	 -3.86803627E+00
1.21652276E-18	 -3.93832898E+00
2.35076872E-19	 -3.93890556E+00
2.13370826E-19	 -3.94478179E+00
-6.54202761E-20	 -4.04662629E+00
3.53159854E-19	 -4.12136883E+00
-2.16072811E-19	 -4.12200112E+00
8.24960460E-19	 -4.12565812E+00
-2.41967223E-18	 -4.24687591E+00
-1.81934705E-18	 -4.32642824E+00
-1.10052979E-18	 -4.32711930E+00
8.03726103E-18	 -4.32974877E+00
-7.35102732E-19	 -4.47099977E+00
5.37545186E-19	 -4.55578058E+00
2.29516099E-19	 -4.55653427E+00
-2.80627775E-18	 -4.55852079E+00
-6.17121912E-18	 -4.72197617E+00
-3.04031188E-19	 -4.81248624E+00
8.12783493E-18	 -4.81330749E+00
-9.10280398E-18	 -4.81497497E+00
